% 创建两个数组
A=[1:4;5:8;9:12]
B=[1 1 1 1;2 2 2 2;3 3 3 3]

% 矩阵元素点运算
A.*B
A./B

% 矩阵运算
A/B       % 秩不足，秩 = 1，tol =  5.329071e-15 
A\B       % 秩不足，秩 = 2，tol =  1.329304e-14

% 矩阵乘方运算
A=[1 2 3;2 4 7;3 5 9]
A.^2
A^2